-1.4246172
1.3269559
1.5662397
1.1709478
-0.98318315
-0.07640198
-0.81049323
1.3527474
-1.4109455
-1.682333
-1.2376896
1.163339
-1.3632226
-1.2512933
-1.2447563
1.3809824
-1.4100164
-1.1201012
1.4216995
1.1236452
1.5896587
-1.1254163
1.3063178
-1.5082378
0.4102403
1.3275762
0.9210601
-1.358331
1.1833614
-1.8580805
1.2637628
1.6109331
0.67672765
1.3846601
0.83671933
1.437548
1.4296663
-1.1107811
0.90085906
1.1374643
0.1457266
1.6839635
-0.6787392
-1.3016301
1.357335
-1.2242111
-0.8693006
-1.5580249
-1.5800234
1.7595413
